#Sample description: 
#Sample:   c= 0 mg/ml  Code: 
 8.000000e-003  2.449459e+002  5.078420e+000
 9.000000e-003  2.447096e+002  3.683960e+000
 1.000000e-002  2.439522e+002  3.277350e+000
 1.100000e-002  2.437663e+002  2.476400e+000
 1.200000e-002  2.418976e+002  2.284350e+000
 1.300000e-002  2.423580e+002  1.949490e+000
 1.400000e-002  2.411655e+002  1.820210e+000
 1.500000e-002  2.410413e+002  1.706710e+000
 1.600000e-002  2.408645e+002  1.577210e+000
 1.700000e-002  2.407143e+002  1.528260e+000
 1.800000e-002  2.394664e+002  1.488630e+000
 1.900000e-002  2.402663e+002  1.410200e+000
 2.000000e-002  2.397638e+002  1.381460e+000
 2.100000e-002  2.386148e+002  1.341280e+000
 2.200000e-002  2.367713e+002  1.314870e+000
 2.300000e-002  2.370013e+002  1.273570e+000
 2.400000e-002  2.362048e+002  1.247560e+000
 2.500000e-002  2.361073e+002  1.234260e+000
 2.600000e-002  2.347375e+002  1.190210e+000
 2.700000e-002  2.339451e+002  1.176500e+000
 2.800000e-002  2.313459e+002  1.271460e+000
 2.900000e-002  2.290893e+002  1.411470e+000
 3.000000e-002  2.301561e+002  1.357650e+000
 3.100000e-002  2.298118e+002  1.234780e+000
 3.200000e-002  2.294546e+002  1.243550e+000
 3.300000e-002  2.287875e+002  1.275700e+000
 3.400000e-002  2.287704e+002  1.283010e+000
 3.500000e-002  2.272852e+002  1.304610e+000
 3.600000e-002  2.263595e+002  1.298940e+000
 3.700000e-002  2.251813e+002  1.343050e+000
 3.800000e-002  2.243781e+002  1.448640e+000
 3.900000e-002  2.228711e+002  1.607250e+000
 4.000000e-002  2.221892e+002  1.572970e+000
 4.100000e-002  2.210981e+002  1.548310e+000
 4.200000e-002  2.201888e+002  1.520750e+000
 4.300000e-002  2.190286e+002  1.453950e+000
 4.400000e-002  2.181025e+002  1.459140e+000
 4.500000e-002  2.172928e+002  1.319800e+000
 4.600000e-002  2.162759e+002  1.262700e+000
 4.700000e-002  2.158370e+002  1.163640e+000
 4.800000e-002  2.151031e+002  1.332060e+000
 4.900000e-002  2.139460e+002  1.088880e+000
 5.025000e-002  2.115736e+002  8.135100e-001
 5.200000e-002  2.095862e+002  7.201700e-001
 5.400000e-002  2.066972e+002  7.117100e-001
 5.600000e-002  2.041146e+002  7.031300e-001
 5.800000e-002  2.012961e+002  6.788700e-001
 6.000000e-002  1.979616e+002  6.771200e-001
 6.200000e-002  1.953806e+002  6.541500e-001
 6.400000e-002  1.925918e+002  6.479000e-001
 6.600000e-002  1.891811e+002  6.339900e-001
 6.800000e-002  1.859452e+002  6.250600e-001
 7.000000e-002  1.826955e+002  6.178500e-001
 7.200000e-002  1.793628e+002  5.989300e-001
 7.400000e-002  1.763721e+002  5.823000e-001
 7.600000e-002  1.727774e+002  5.771800e-001
 7.800000e-002  1.695796e+002  5.600400e-001
 8.000000e-002  1.658864e+002  5.501100e-001
 8.200000e-002  1.622603e+002  5.373800e-001
 8.400000e-002  1.586732e+002  5.372300e-001
 8.600000e-002  1.547878e+002  5.119200e-001
 8.800000e-002  1.511863e+002  5.168300e-001
 9.000000e-002  1.476102e+002  5.031200e-001
 9.200000e-002  1.443737e+002  4.948400e-001
 9.400000e-002  1.407051e+002  4.838500e-001
 9.600000e-002  1.375069e+002  5.982000e-001
 9.800000e-002  1.346451e+002  4.736500e-001
 1.007500e-001  1.286880e+002  3.160800e-001
 1.050000e-001  1.202898e+002  2.788900e-001
 1.100000e-001  1.114473e+002  2.740700e-001
 1.150000e-001  1.059920e+002  5.346900e-001
 1.200000e-001  9.722693e+001  7.843300e-001
 1.250000e-001  8.889758e+001  4.781400e-001
 1.300000e-001  8.087880e+001  4.582000e-001
 1.350000e-001  7.337043e+001  4.070100e-001
 1.400000e-001  6.614925e+001  3.563100e-001
 1.450000e-001  5.971416e+001  2.722800e-001
 1.500000e-001  5.339341e+001  2.986300e-001
 1.550000e-001  4.780809e+001  3.082900e-001
 1.600000e-001  4.241619e+001  2.558000e-001
 1.650000e-001  3.760587e+001  2.398600e-001
 1.700000e-001  3.320574e+001  2.238600e-001
 1.750000e-001  2.915502e+001  2.031300e-001
 1.800000e-001  2.543034e+001  2.278200e-001
 1.850000e-001  2.225703e+001  1.797700e-001
 1.900000e-001  1.923354e+001  1.692900e-001
 1.950000e-001  1.675744e+001  1.780500e-001
 2.000000e-001  1.450026e+001  1.564200e-001
 2.050000e-001  1.257660e+001  1.694400e-001
 2.100000e-001  1.125594e+001  1.794300e-001
 2.150000e-001  9.746770e+000  1.436800e-001
 2.200000e-001  8.398490e+000  1.357000e-001
 2.250000e-001  7.403540e+000  1.471700e-001
 2.300000e-001  6.544770e+000  1.149500e-001
 2.350000e-001  5.808740e+000  1.592300e-001
 2.400000e-001  5.255200e+000  1.034800e-001
 2.450000e-001  4.819350e+000  1.039600e-001
 2.500000e-001  4.480420e+000  8.131000e-002
 2.550000e-001  4.260160e+000  8.835000e-002
 2.600000e-001  4.044850e+000  1.034200e-001
 2.650000e-001  3.930470e+000  9.977000e-002
 2.700000e-001  3.894640e+000  1.232100e-001
 2.750000e-001  3.855700e+000  1.151200e-001
 2.800000e-001  3.852620e+000  1.573800e-001
 2.850000e-001  3.937690e+000  1.508600e-001
 2.900000e-001  3.982990e+000  8.252000e-002
 2.950000e-001  4.033640e+000  1.142600e-001
 3.000000e-001  4.130470e+000  7.477000e-002
 3.050000e-001  4.175820e+000  7.167000e-002
 3.100000e-001  4.222260e+000  9.396000e-002
 3.150000e-001  4.255800e+000  1.049800e-001
 3.200000e-001  4.303420e+000  1.190300e-001
 3.250000e-001  4.335700e+000  2.081000e-001
 3.300000e-001  4.363800e+000  1.318200e-001
 3.350000e-001  4.404100e+000  3.852000e-001
 3.400000e-001  4.402370e+000  9.434000e-002
 3.450000e-001  4.365930e+000  1.364200e-001
 3.500000e-001  4.331170e+000  1.044400e-001
 3.550000e-001  4.310490e+000  8.638000e-002
 3.600000e-001  4.282030e+000  1.021700e-001
 3.650000e-001  4.250730e+000  8.345000e-002
 3.700000e-001  4.209740e+000  8.104000e-002
 3.750000e-001  4.128550e+000  6.743000e-002
 3.800000e-001  4.058650e+000  6.711000e-002
 3.850000e-001  3.948390e+000  6.980000e-002
 3.900000e-001  3.859650e+000  6.450000e-002
 3.950000e-001  3.752860e+000  7.892000e-002
 4.000000e-001  3.666790e+000  1.534600e-001
 4.050000e-001  3.545570e+000  7.039000e-002
 4.100000e-001  3.435500e+000  6.083000e-002
 4.150000e-001  3.337880e+000  1.542600e-001
 4.200000e-001  3.231890e+000  9.397000e-002
 4.250000e-001  3.146930e+000  6.506000e-002
 4.300000e-001  3.041760e+000  8.497000e-002
 4.350000e-001  2.949890e+000  8.809000e-002
 4.400000e-001  2.867670e+000  1.222600e-001
 4.450000e-001  2.790340e+000  1.257700e-001
 4.500000e-001  2.694030e+000  8.914000e-002
 4.550000e-001  2.599390e+000  6.573000e-002
 4.600000e-001  2.536030e+000  7.385000e-002
 4.650000e-001  2.481080e+000  1.117700e-001
 4.700000e-001  2.447340e+000  8.574000e-002
 4.750000e-001  2.369480e+000  9.315000e-002
 4.800000e-001  2.321150e+000  6.411000e-002
 4.850000e-001  2.284070e+000  7.694000e-002
 4.900000e-001  2.228710e+000  8.350000e-002
 4.950000e-001  2.259190e+000  6.434000e-002
 5.012500e-001  2.236890e+000  5.548700e-001
 5.100000e-001  2.212560e+000  5.221000e-002
 5.200000e-001  2.215880e+000  4.601000e-002
 5.300000e-001  2.240560e+000  5.774000e-002
 5.400000e-001  2.281130e+000  5.514000e-002
 5.500000e-001  2.303180e+000  5.940000e-002
 5.600000e-001  2.350450e+000  7.853000e-002
 5.700000e-001  2.428850e+000  7.183000e-002
 5.800000e-001  2.468830e+000  7.052000e-002
 5.900000e-001  2.518520e+000  6.423000e-002
 6.000000e-001  2.545000e+000  5.669000e-002
 6.100000e-001  2.549780e+000  4.763000e-002
 6.200000e-001  2.562380e+000  8.318000e-002
 6.300000e-001  2.572880e+000  7.755000e-002
 6.400000e-001  2.538620e+000  5.343000e-002
 6.500000e-001  2.472150e+000  5.120000e-002
 6.600000e-001  2.388110e+000  7.517000e-002
 6.700000e-001  2.338960e+000  7.789000e-002
 6.800000e-001  2.239980e+000  1.291900e-001
 6.900000e-001  2.103750e+000  5.236000e-002
 7.000000e-001  2.003230e+000  5.051000e-002
 7.100000e-001  1.883870e+000  5.523000e-002
 7.200000e-001  1.736350e+000  7.297000e-002
 7.300000e-001  1.657950e+000  4.440000e-002
 7.400000e-001  1.579720e+000  4.309700e-001
 7.500000e-001  1.493290e+000  5.170000e-002
 7.600000e-001  1.384450e+000  6.169000e-002
 7.700000e-001  1.303860e+000  1.134900e-001
 7.800000e-001  1.282160e+000  5.518000e-002
 7.900000e-001  1.253590e+000  6.015000e-002
 8.000000e-001  1.191810e+000  5.977000e-002
 8.100000e-001  1.173120e+000  6.438000e-002
 8.200000e-001  1.132950e+000  5.879000e-002
 8.300000e-001  1.097950e+000  5.934000e-002
 8.400000e-001  1.064290e+000  5.376000e-002
 8.500000e-001  1.067200e+000  6.260000e-002
 8.600000e-001  1.058330e+000  6.582000e-002
 8.700000e-001  1.055860e+000  5.725000e-002
 8.800000e-001  1.024640e+000  5.072000e-002
 8.900000e-001  1.007920e+000  6.234000e-002
 9.000000e-001  1.047400e+000  5.746000e-002
 9.100000e-001  1.059850e+000  5.646000e-002
 9.200000e-001  9.986500e-001  7.549000e-002
 9.300000e-001  1.002830e+000  5.125000e-002
 9.400000e-001  1.019390e+000  6.204000e-002
 9.500000e-001  1.028320e+000  1.803000e-001
 9.600000e-001  1.042100e+000  5.549000e-002
 9.700000e-001  1.025050e+000  4.993000e-002
 9.800000e-001  1.035460e+000  7.030000e-002
 9.900000e-001  1.033720e+000  7.319000e-002
 1.005000e+000  1.040650e+000  5.430000e-002
 1.030000e+000  1.008150e+000  4.530000e-002
 1.060000e+000  1.013660e+000  4.822000e-002
 1.090000e+000  9.793200e-001  5.352000e-002
 1.120000e+000  1.015850e+000  8.329000e-002
 1.150000e+000  1.029650e+000  7.426000e-002
 1.180000e+000  1.083380e+000  9.396000e-002
 1.210000e+000  1.168640e+000  7.891000e-002
 1.240000e+000  1.240860e+000  8.237000e-002
 1.270000e+000  1.348470e+000  1.856800e-001
 1.300000e+000  1.473730e+000  9.671000e-002
 1.330000e+000  1.652410e+000  1.001300e-001
 1.360000e+000  1.798570e+000  1.108600e-001
 1.390000e+000  1.861570e+000  1.106400e-001
 1.420000e+000  1.910740e+000  1.019200e-001
 1.450000e+000  1.839890e+000  1.043300e-001
 1.480000e+000  1.794520e+000  1.025300e-001
 1.510000e+000  1.687650e+000  1.040800e-001
 1.540000e+000  1.456850e+000  1.040100e-001
 1.570000e+000  1.324870e+000  1.149300e-001
 1.600000e+000  1.066630e+000  2.576400e-001
 1.630000e+000  8.278200e-001  1.143600e-001
 1.660000e+000  5.919000e-001  1.434000e-001
 1.690000e+000  3.145300e-001  1.264600e-001
 1.720000e+000  1.038400e-001  1.333900e-001
#range-from: 1
#range-to: 222
#transmitted beam intensity from WAXS (q~1.74): 1907.740982
